Calculation of the systematic error due to the yield extraction
Bin	Normal value	Normal error
1	0	0
2	0.231051	0.0152822
3	0.0196615	0.000291646
4	0.00569189	5.98613e-05
5	0.00197959	2.05435e-05
6	0.000770779	9.11238e-06
7	0.000341535	4.74958e-06
8	0.000163311	2.70312e-06
9	8.81634e-05	1.74133e-06
10	4.74851e-05	1.08936e-06
11	2.92923e-05	7.75778e-07
12	1.72925e-05	5.29399e-07
13	1.1876e-05	4.18182e-07
14	8.74409e-06	3.5245e-07
15	5.47092e-06	2.47783e-07
16	3.51273e-06	1.78665e-07
17	2.21376e-06	9.10525e-08
18	1.26732e-06	6.98524e-08
19	6.74946e-07	4.6535e-08
20	3.75115e-07	3.3603e-08
21	2.74643e-07	2.94506e-08
22	1.39953e-07	1.96584e-08
23	1.22779e-07	2.25168e-08
24	4.49411e-08	1.1645e-08
25	3.13392e-08	1.34428e-08
26	7.48267e-09	5.46165e-09

Bin	Wide value	Wide error	Diff to Norm
1	0	0	0	0	0	0
2	0.218257	0.0164266	-0.012794	0.00602406	-5.53729	2.60724
3	0.0190193	0.000341192	-0.000642228	0.000177073	-3.26643	0.900609
4	0.00547078	6.77019e-05	-0.000221112	3.16254e-05	-3.88468	0.555621
5	0.00191007	2.27097e-05	-6.95224e-05	9.67972e-06	-3.51196	0.488976
6	0.00073918	9.88314e-06	-3.15984e-05	3.82635e-06	-4.09954	0.496427
7	0.000325592	5.04075e-06	-1.59437e-05	1.68838e-06	-4.66824	0.494349
8	0.00015693	2.87341e-06	-6.38125e-06	9.74472e-07	-3.90741	0.596696
9	8.34039e-05	1.80191e-06	-4.75955e-06	4.63276e-07	-5.39855	0.525474
10	4.54681e-05	1.13157e-06	-2.01702e-06	3.06178e-07	-4.24768	0.644788
11	2.81858e-05	7.98424e-07	-1.10649e-06	1.88814e-07	-3.77742	0.644584
12	1.69221e-05	5.54828e-07	-3.70418e-07	1.66043e-07	-2.14207	0.960201
13	1.14861e-05	4.29398e-07	-3.89934e-07	9.75002e-08	-3.28337	0.820983
14	8.63343e-06	3.61278e-07	-1.10654e-07	7.9378e-08	-1.26547	0.907791
15	5.5334e-06	2.62756e-07	6.24818e-08	8.74317e-08	1.14207	1.59812
16	3.48865e-06	1.86945e-07	-2.40832e-08	5.50185e-08	-0.685598	1.56626
17	2.22583e-06	9.49506e-08	1.20675e-08	2.69269e-08	0.545112	1.21634
18	1.24883e-06	7.09167e-08	-1.84869e-08	1.22403e-08	-1.45874	0.965841
19	6.52861e-07	4.61117e-08	-2.20853e-08	6.26242e-09	-3.27215	0.92784
20	3.67065e-07	3.39716e-08	-8.05047e-09	4.99052e-09	-2.14613	1.3304
21	2.74718e-07	3.02901e-08	7.53934e-11	7.08193e-09	0.0274515	2.5786
22	1.29927e-07	1.92081e-08	-1.00261e-08	4.18322e-09	-7.16391	2.98901
23	1.12135e-07	2.13772e-08	-1.06439e-08	7.07244e-09	-8.66914	5.7603
24	4.40478e-08	1.22549e-08	-8.93277e-10	3.81795e-09	-1.98766	8.49546
25	2.18933e-08	1.12249e-08	-9.44596e-09	7.39664e-09	-30.141	23.6019
26	4.89993e-09	4.98962e-09	-2.58274e-09	2.22111e-09	-34.5162	29.6833

Bin	Narrow value	Narrow error	Diff to Norm
1	0	0	0	0	0	0
2	0.229914	0.0147351	-0.00113756	0.0040523	-0.49234	1.75385
3	0.0199201	0.000258916	0.000258629	0.000134237	1.31541	0.682742
4	0.00589209	5.53378e-05	0.000200198	2.28277e-05	3.51726	0.401056
5	0.00200709	1.9205e-05	2.75066e-05	7.2941e-06	1.38951	0.368465
6	0.000787163	8.69822e-06	1.63845e-05	2.71597e-06	2.1257	0.352367
7	0.000353953	4.66525e-06	1.24173e-05	8.91054e-07	3.63572	0.260897
8	0.000169949	2.67875e-06	6.63792e-06	3.62212e-07	4.06458	0.221792
9	9.12909e-05	1.74679e-06	3.12748e-06	1.37918e-07	3.54737	0.156435
10	4.83158e-05	1.0763e-06	8.30654e-07	1.68192e-07	1.74929	0.354199
11	3.01023e-05	7.86194e-07	8.09934e-07	1.27554e-07	2.765	0.43545
12	1.73037e-05	5.19914e-07	1.11332e-08	9.97631e-08	0.0643815	0.576914
13	1.18323e-05	4.16467e-07	-4.37689e-08	3.78332e-08	-0.368549	0.318568
14	8.76676e-06	3.58889e-07	2.26713e-08	6.76782e-08	0.259276	0.773988
15	5.43061e-06	2.46914e-07	-4.03111e-08	2.07297e-08	-0.736825	0.378907
16	3.53013e-06	1.80587e-07	1.74008e-08	2.62749e-08	0.495363	0.74799
17	2.20759e-06	9.36432e-08	-6.17478e-09	2.18741e-08	-0.278927	0.988096
18	1.28456e-06	7.33362e-08	1.72481e-08	2.23345e-08	1.36099	1.76235
19	6.69205e-07	4.69052e-08	-5.74144e-09	5.88159e-09	-0.850651	0.871417
20	3.5596e-07	3.20637e-08	-1.91553e-08	1.00539e-08	-5.10651	2.68023
21	2.80523e-07	3.04907e-08	5.87996e-09	7.89595e-09	2.14095	2.87499
22	1.37165e-07	2.00104e-08	-2.78803e-09	3.73707e-09	-1.99211	2.67022
23	1.16566e-07	2.13321e-08	-6.21312e-09	7.20745e-09	-5.06041	5.87026
24	5.74188e-08	1.40041e-08	1.24777e-08	7.77874e-09	27.7647	17.3087
25	4.65818e-08	1.64377e-08	1.52426e-08	9.45993e-09	48.6374	30.1856
26	1.5941e-08	7.15362e-09	8.45834e-09	4.62003e-09	113.039	61.7431

Bin	Left value	Left error	Diff to Norm
1	0	0	0	0	0	0
2	0.217041	0.0148276	-0.0140099	0.00369968	-6.06355	1.60124
3	0.0194398	0.000300691	-0.000221649	7.31981e-05	-1.12733	0.372292
4	0.00560764	5.93545e-05	-8.42505e-05	7.77296e-06	-1.48018	0.136562
5	0.00197022	2.07798e-05	-9.36911e-06	3.12522e-06	-0.473286	0.157872
6	0.000765665	9.18307e-06	-5.11331e-06	1.13722e-06	-0.663396	0.147541
7	0.000338772	4.78798e-06	-2.76295e-06	6.05166e-07	-0.80898	0.17719
8	0.000162096	2.73774e-06	-1.21485e-06	4.33973e-07	-0.743884	0.265734
9	8.67686e-05	1.76028e-06	-1.39477e-06	2.57608e-07	-1.58203	0.292194
10	4.7183e-05	1.11115e-06	-3.02067e-07	2.18968e-07	-0.636129	0.46113
11	2.89622e-05	7.86265e-07	-3.30172e-07	1.27989e-07	-1.12716	0.436937
12	1.71288e-05	5.38221e-07	-1.63766e-07	9.7047e-08	-0.947032	0.561207
13	1.16762e-05	4.2185e-07	-1.99846e-07	5.55114e-08	-1.68277	0.467424
14	8.6132e-06	3.52628e-07	-1.30887e-07	1.11971e-08	-1.49686	0.128053
15	5.35897e-06	2.47024e-07	-1.11954e-07	1.93706e-08	-2.04634	0.354065
16	3.46105e-06	1.79355e-07	-5.16795e-08	1.57184e-08	-1.47121	0.44747
17	2.22932e-06	9.08769e-08	1.55519e-08	5.65272e-09	0.702509	0.255344
18	1.30489e-06	7.03929e-08	3.75772e-08	8.70645e-09	2.9651	0.686998
19	6.87388e-07	4.62764e-08	1.24421e-08	4.89923e-09	1.84342	0.72587
20	4.03738e-07	3.43061e-08	2.86224e-08	6.9097e-09	7.6303	1.84202
21	2.87878e-07	2.96961e-08	1.32357e-08	3.81054e-09	4.81924	1.38745
22	1.53887e-07	2.00877e-08	1.39337e-08	4.1311e-09	9.95594	2.95177
23	1.29023e-07	2.24059e-08	6.24419e-09	2.23182e-09	5.08571	1.81775
24	5.56139e-08	1.17403e-08	1.06729e-08	1.49268e-09	23.7486	3.32141
25	4.23771e-08	1.28378e-08	1.10378e-08	3.98751e-09	35.2206	12.7237
26	2.29527e-08	5.82255e-09	1.54701e-08	2.01802e-09	206.745	26.9693

Bin	Left Wide value	Left Wide error	Diff to Norm
1	0	0	0	0	0	0
2	0.205479	0.0160173	-0.0255723	0.00479695	-11.0678	2.07614
3	0.018999	0.000355994	-0.00066248	0.000204143	-3.36943	1.03829
4	0.00546124	6.79877e-05	-0.000230657	3.22328e-05	-4.05237	0.566294
5	0.00190535	2.31317e-05	-7.42429e-05	1.0632e-05	-3.75042	0.537084
6	0.000734909	1.00154e-05	-3.58697e-05	4.15613e-06	-4.6537	0.539211
7	0.000323161	5.11065e-06	-1.83747e-05	1.88686e-06	-5.38003	0.552463
8	0.000155834	2.9312e-06	-7.47736e-06	1.13361e-06	-4.57859	0.694143
9	8.20779e-05	1.83881e-06	-6.08551e-06	5.90736e-07	-6.90254	0.670047
10	4.51722e-05	1.16635e-06	-2.31292e-06	4.16738e-07	-4.87082	0.877618
11	2.78592e-05	8.16764e-07	-1.43311e-06	2.55486e-07	-4.89243	0.872194
12	1.6707e-05	5.68983e-07	-5.85562e-07	2.08516e-07	-3.38621	1.20581
13	1.1255e-05	4.36738e-07	-6.2098e-07	1.25951e-07	-5.22885	1.06055
14	8.46437e-06	3.62531e-07	-2.79713e-07	8.49001e-08	-3.19888	0.970943
15	5.41002e-06	2.63044e-07	-6.09074e-08	8.82942e-08	-1.11329	1.61388
16	3.42426e-06	1.88553e-07	-8.84716e-08	6.02587e-08	-2.5186	1.71544
17	2.24608e-06	9.45291e-08	3.23185e-08	2.54007e-08	1.45989	1.1474
18	1.29697e-06	7.12858e-08	2.9654e-08	1.42236e-08	2.3399	1.12234
19	6.68294e-07	4.54873e-08	-6.65273e-09	9.81895e-09	-0.985668	1.45477
20	4.03496e-07	3.45943e-08	2.83813e-08	8.22189e-09	7.56602	2.19183
21	2.92952e-07	3.04978e-08	1.83097e-08	7.92334e-09	6.66672	2.88496
22	1.51245e-07	1.97807e-08	1.12913e-08	2.19651e-09	8.06792	1.56946
23	1.22714e-07	2.12457e-08	-6.48706e-11	7.4581e-09	-0.0528353	6.0744
24	5.68392e-08	1.21128e-08	1.18981e-08	3.33368e-09	26.4749	7.41789
25	3.44222e-08	1.00296e-08	3.08294e-09	8.9507e-09	9.83731	28.5607
26	1.96398e-08	4.78287e-09	1.21571e-08	2.637e-09	162.47	35.2414

Bin	Left Narrow value	Left Narrow error	Diff to Norm
1	0	0	0	0	0	0
2	0.217664	0.0142786	-0.0133872	0.00544673	-5.79405	2.35737
3	0.0196359	0.000262688	-2.55477e-05	0.000126698	-0.129938	0.644398
4	0.00568859	5.37048e-05	-3.30153e-06	2.64419e-05	-0.0580041	0.464554
5	0.00199764	1.9294e-05	1.80493e-05	7.05528e-06	0.911772	0.356401
6	0.000783003	8.72305e-06	1.22246e-05	2.63512e-06	1.58601	0.341878
7	0.000351746	4.68003e-06	1.02103e-05	8.09827e-07	2.98953	0.237114
8	0.000168863	2.69349e-06	5.55215e-06	2.2798e-07	3.39974	0.139599
9	9.02592e-05	1.75331e-06	2.09579e-06	2.04592e-07	2.37717	0.23206
10	4.8049e-05	1.0867e-06	5.63925e-07	7.61645e-08	1.18758	0.160397
11	2.98202e-05	7.9019e-07	5.27815e-07	1.50229e-07	1.80189	0.51286
12	1.72211e-05	5.24779e-07	-7.14472e-08	6.97869e-08	-0.413168	0.403566
13	1.16841e-05	4.1756e-07	-1.91947e-07	2.27983e-08	-1.61626	0.191969
14	8.66786e-06	3.5816e-07	-7.62245e-08	6.37006e-08	-0.871726	0.7285
15	5.36155e-06	2.46183e-07	-1.0937e-07	2.8114e-08	-1.99912	0.51388
16	3.50413e-06	1.81037e-07	-8.60314e-09	2.92105e-08	-0.244913	0.83156
17	2.21982e-06	9.36652e-08	6.05877e-09	2.19684e-08	0.273687	0.992355
18	1.30833e-06	7.38114e-08	4.10082e-08	2.38489e-08	3.23582	1.88184
19	6.78775e-07	4.69037e-08	3.82894e-09	5.86955e-09	0.567295	0.869633
20	3.7777e-07	3.27789e-08	2.65485e-09	7.39671e-09	0.707744	1.97185
21	2.89407e-07	3.07598e-08	1.4764e-08	8.87846e-09	5.37571	3.23273
22	1.45973e-07	2.03217e-08	6.01979e-09	5.15001e-09	4.30129	3.67981
23	1.19336e-07	2.11817e-08	-3.44346e-09	7.63811e-09	-2.8046	6.22102
24	6.25539e-08	1.39719e-08	1.76128e-08	7.72057e-09	39.191	17.1793
25	4.81444e-08	1.53923e-08	1.68052e-08	7.49757e-09	53.6234	23.9239
26	3.03397e-08	8.53833e-09	2.2857e-08	6.56304e-09	305.466	87.7099

Bin	Largest Dev Neg	Largest Dev Pos
1	0	0	0	0
2	-0.0255723	0.00479695	0	0
3	-0.00066248	0.000204143	0.000258629	0.000134237
4	-0.000230657	3.22328e-05	0.000200198	2.28277e-05
5	-7.42429e-05	1.0632e-05	2.75066e-05	7.2941e-06
6	-3.58697e-05	4.15613e-06	1.63845e-05	2.71597e-06
7	-1.83747e-05	1.88686e-06	1.24173e-05	8.91054e-07
8	-7.47736e-06	1.13361e-06	6.63792e-06	3.62212e-07
9	-6.08551e-06	5.90736e-07	3.12748e-06	1.37918e-07
10	-2.31292e-06	4.16738e-07	8.30654e-07	1.68192e-07
11	-1.43311e-06	2.55486e-07	8.09934e-07	1.27554e-07
12	-5.85562e-07	2.08516e-07	1.11332e-08	9.97631e-08
13	-6.2098e-07	1.25951e-07	0	0
14	-2.79713e-07	8.49001e-08	2.26713e-08	6.76782e-08
15	-1.11954e-07	1.93706e-08	6.24818e-08	8.74317e-08
16	-8.84716e-08	6.02587e-08	1.74008e-08	2.62749e-08
17	-6.17478e-09	2.18741e-08	3.23185e-08	2.54007e-08
18	-1.84869e-08	1.22403e-08	4.10082e-08	2.38489e-08
19	-2.20853e-08	6.26242e-09	1.24421e-08	4.89923e-09
20	-1.91553e-08	1.00539e-08	2.86224e-08	6.9097e-09
21	0	0	1.83097e-08	7.92334e-09
22	-1.00261e-08	4.18322e-09	1.39337e-08	4.1311e-09
23	-1.06439e-08	7.07244e-09	6.24419e-09	2.23182e-09
24	-8.93277e-10	3.81795e-09	1.76128e-08	7.72057e-09
25	-9.44596e-09	7.39664e-09	1.68052e-08	7.49757e-09
26	-2.58274e-09	2.22111e-09	0	0
Bin	Largest Rel Dev Neg	Largest Rel Dev Pos
1	0	0	0	0
2	-11.0678	2.07614	0	0
3	-3.36943	1.03829	1.31541	0.682742
4	-4.05237	0.566294	3.51726	0.401056
5	-3.75042	0.537084	1.38951	0.368465
6	-4.6537	0.539211	2.1257	0.352367
7	-5.38003	0.552463	3.63572	0.260897
8	-4.57859	0.694143	4.06458	0.221792
9	-6.90254	0.670047	3.54737	0.156435
10	-4.87082	0.877618	1.74929	0.354199
11	-4.89243	0.872194	2.765	0.43545
12	-3.38621	1.20581	0.0643815	0.576914
13	-5.22885	1.06055	0	0
14	-3.19888	0.970943	0.259276	0.773988
15	-2.04634	0.354065	1.14207	1.59812
16	-2.5186	1.71544	0.495363	0.74799
17	-0.278927	0.988096	1.45989	1.1474
18	-1.45874	0.965841	3.23582	1.88184
19	-3.27215	0.92784	1.84342	0.72587
20	-5.10651	2.68023	7.6303	1.84202
21	0	0	6.66672	2.88496
22	-7.16391	2.98901	9.95594	2.95177
23	-8.66914	5.7603	5.08571	1.81775
24	-1.98766	8.49546	39.191	17.1793
25	-30.141	23.6019	53.6234	23.9239
26	-34.5162	29.6833	0	0
